15267.93796822259537294 60.00000000000000000 0.02000000000000000 0.10000000000000001 0.05000000000000000 0.00000000200000000 1.00000000000000000
15267.93796822259537294 60.00000000000000000 0.02000000000000000 0.10000000000000001 0.05000000000000000 0.00000000200000000 1.00000000000000000
15267.93796822259537294 60.00000000000000000 0.02000000000000000 0.10000000000000001 0.05000000000000000 0.00000000200000000 1.00000000000000000
14901.57520344072690932 60.00605118943913396 0.01999807391340202 0.10003206789683219 0.05075487497456789 0.00000000199742266 1.00005376980456862
14552.64627765781915514 60.02084365699268886 0.01999976313302118 0.10005395538743796 0.05117532155713849 0.00000000199363671 1.00007526938658864
14552.64627765781915514 60.02084365699268886 0.01999976313302118 0.10005395538743796 0.05117532155713849 0.00000000199363671 1.00007526938658864
14552.64627765781915514 60.02084365699268886 0.01999976313302118 0.10005395538743796 0.05117532155713849 0.00000000199363671 1.00007526938658864
14552.64627765781915514 60.02084365699268886 0.01999976313302118 0.10005395538743796 0.05117532155713849 0.00000000199363671 1.00007526938658864
14552.64627765781915514 60.02084365699268886 0.01999976313302118 0.10005395538743796 0.05117532155713849 0.00000000199363671 1.00007526938658864
14417.79498694466565212 60.03436865570173353 0.02000002397724980 0.10004124019654627 0.05092228164151666 0.00000000199032031 1.00010762782020390
14133.81351036543128430 60.03943078282357249 0.02000033795033915 0.10004409124457950 0.05226960853218936 0.00000000199054848 1.00011021463976912
13983.64535998374049086 60.03350400647458684 0.02000205284067111 0.10009520131188536 0.05292757054655519 0.00000000199091403 1.00013960366514354
13611.19240991915648920 60.04190369859164633 0.02000153998741372 0.10011070421133415 0.05425438436827990 0.00000000198934009 1.00014885346578630
13611.19240991915648920 60.04190369859164633 0.02000153998741372 0.10011070421133415 0.05425438436827990 0.00000000198934009 1.00014885346578630
13577.29343092646377045 60.06197608377376440 0.02000206077264404 0.10012035641983900 0.05431498927314461 0.00000000198978827 1.00016817468019670
13577.29343092646377045 60.06197608377376440 0.02000206077264404 0.10012035641983900 0.05431498927314461 0.00000000198978827 1.00016817468019670
13577.29343092646377045 60.06197608377376440 0.02000206077264404 0.10012035641983900 0.05431498927314461 0.00000000198978827 1.00016817468019670
13181.23658739038000931 60.03638289119655269 0.02000327822190541 0.10014116461715492 0.05514926563210820 0.00000000198405658 1.00016838788346507
12755.02840357397326443 60.02935739330533238 0.02000182148096500 0.10013930598065907 0.05787745469165435 0.00000000198495844 1.00018244864428785
12449.51873630165209761 60.02678914105727159 0.02000219911904168 0.10012894142017285 0.05952182850440047 0.00000000198374697 1.00016596782359501
12374.17249979962070938 60.03798718854363869 0.02000127695018705 0.10008957744763146 0.05860336514696692 0.00000000197782644 1.00016316960539342
12374.17249979962070938 60.03798718854363869 0.02000127695018705 0.10008957744763146 0.05860336514696692 0.00000000197782644 1.00016316960539342
12188.53487506479905278 60.02838761355283737 0.02000100124096875 0.10008152694404648 0.05900968453008353 0.00000000197389349 1.00025150839589028
12188.53487506479905278 60.02838761355283737 0.02000100124096875 0.10008152694404648 0.05900968453008353 0.00000000197389349 1.00025150839589028
12082.97642161661133287 60.02151646609941338 0.02000157908933393 0.10012048584061006 0.06008553671314452 0.00000000197587347 1.00024568871690600
11974.98081014721901738 60.00884705609638559 0.02000154099970092 0.10010256009108100 0.06083203545285418 0.00000000197482240 1.00028194907400492
11974.98081014721901738 60.00884705609638559 0.02000154099970092 0.10010256009108100 0.06083203545285418 0.00000000197482240 1.00028194907400492
11974.98081014721901738 60.00884705609638559 0.02000154099970092 0.10010256009108100 0.06083203545285418 0.00000000197482240 1.00028194907400492
11777.83905450953352556 59.98365722956676649 0.02000121963788016 0.10010861552148671 0.06004949771418196 0.00000000196495490 1.00026558575370639
11777.83905450953352556 59.98365722956676649 0.02000121963788016 0.10010861552148671 0.06004949771418196 0.00000000196495490 1.00026558575370639
11777.83905450953352556 59.98365722956676649 0.02000121963788016 0.10010861552148671 0.06004949771418196 0.00000000196495490 1.00026558575370639
11720.25635575463820715 59.95454543437396921 0.02000258619903406 0.10011229337620600 0.06057203888028338 0.00000000196389933 1.00027348143091133
11554.14251898430666188 59.95329198895307599 0.02000012528228958 0.10009629233833892 0.06277471629423020 0.00000000196710299 1.00025631965225403
11552.61332421340193832 59.96996770362711260 0.02000041873880833 0.10011224683607807 0.06318479011184644 0.00000000196996344 1.00021677162405909
11552.61332421340193832 59.96996770362711260 0.02000041873880833 0.10011224683607807 0.06318479011184644 0.00000000196996344 1.00021677162405909
11483.71303988306499377 59.95684896635894745 0.02000162454243416 0.10011091388177176 0.06387362739736961 0.00000000196965812 1.00024743015068451
11295.21346044748133863 59.96414363192550212 0.02000273407338202 0.10013901643237218 0.06470592786425046 0.00000000196763357 1.00019596649008768
11295.21346044748133863 59.96414363192550212 0.02000273407338202 0.10013901643237218 0.06470592786425046 0.00000000196763357 1.00019596649008768
11182.99645288632382290 59.93050943561704713 0.02000156204502033 0.10019133751733185 0.06526970838218919 0.00000000196541262 1.00019987176477843
11115.13031843960197875 59.94328145128255869 0.02000164582278853 0.10018266512234354 0.06434885737971614 0.00000000195965142 1.00020723673826084
11115.13031843960197875 59.94328145128255869 0.02000164582278853 0.10018266512234354 0.06434885737971614 0.00000000195965142 1.00020723673826084
11110.86681205311651865 59.91543340940408768 0.02000184378697141 0.10016709472590833 0.06360850424166520 0.00000000195454260 1.00019301161266871
11110.86681205311651865 59.91543340940408768 0.02000184378697141 0.10016709472590833 0.06360850424166520 0.00000000195454260 1.00019301161266871
11110.86681205311651865 59.91543340940408768 0.02000184378697141 0.10016709472590833 0.06360850424166520 0.00000000195454260 1.00019301161266871
11060.11843146516184788 59.89881786891223214 0.02000156937723569 0.10014317827303706 0.06494652474984967 0.00000000195627913 1.00016477103607149
11060.11843146516184788 59.89881786891223214 0.02000156937723569 0.10014317827303706 0.06494652474984967 0.00000000195627913 1.00016477103607149
11060.11843146516184788 59.89881786891223214 0.02000156937723569 0.10014317827303706 0.06494652474984967 0.00000000195627913 1.00016477103607149
10961.15833882320657722 59.91999828147448426 0.02000276201518294 0.10016996774420309 0.06547501068568332 0.00000000195627128 1.00017545406704333
10923.32151432351383846 59.95019635120236501 0.02000338791052168 0.10013362780995369 0.06653018810829903 0.00000000195968216 1.00014162264653605
10787.81285612668762042 59.94105304762000941 0.02000286515534065 0.10012985150182660 0.06797280654035431 0.00000000195877460 1.00015865797061099
10759.69527425389605924 59.94115659831872023 0.02000410434987510 0.10014089730179521 0.06867776820684551 0.00000000196059947 1.00013186764942996
10759.69527425389605924 59.94115659831872023 0.02000410434987510 0.10014089730179521 0.06867776820684551 0.00000000196059947 1.00013186764942996
10704.98326988848566543 59.92349964319689093 0.02000479670389754 0.10012786312327258 0.06951768615807938 0.00000000195962002 1.00016518615863004
10704.98326988848566543 59.92349964319689093 0.02000479670389754 0.10012786312327258 0.06951768615807938 0.00000000195962002 1.00016518615863004
10671.23602554331955616 59.91733805394767387 0.02000389989339554 0.10015049185404623 0.06852505905303011 0.00000000195429914 1.00018186588450031
10671.23602554331955616 59.91733805394767387 0.02000389989339554 0.10015049185404623 0.06852505905303011 0.00000000195429914 1.00018186588450031
10671.23602554331955616 59.91733805394767387 0.02000389989339554 0.10015049185404623 0.06852505905303011 0.00000000195429914 1.00018186588450031
10533.90482984377013054 59.90490068787364919 0.02000214676684628 0.10015357307673985 0.06971801506065201 0.00000000195098392 1.00016268470320568
10467.39292233552987454 59.90190376241775283 0.02000170085398861 0.10014896741155069 0.07026138749753974 0.00000000194874095 1.00018976013861072
10338.32738010119828687 59.92851653748357421 0.02000180439633814 0.10019163714977646 0.07189234974963984 0.00000000195074922 1.00020509070696617
10274.83547452944185352 59.92185432661419497 0.02000184979233185 0.10020956563829246 0.07301686451029364 0.00000000195082859 1.00019049240948621
10274.83547452944185352 59.92185432661419497 0.02000184979233185 0.10020956563829246 0.07301686451029364 0.00000000195082859 1.00019049240948621
10274.83547452944185352 59.92185432661419497 0.02000184979233185 0.10020956563829246 0.07301686451029364 0.00000000195082859 1.00019049240948621
10274.83547452944185352 59.92185432661419497 0.02000184979233185 0.10020956563829246 0.07301686451029364 0.00000000195082859 1.00019049240948621
10213.35004118257165828 59.93712292590323898 0.02000074066853404 0.10022092627554001 0.07283616798048624 0.00000000194751575 1.00012600558378284
10096.43425792236484995 59.93956357649577882 0.02000150015969607 0.10020501843689808 0.07486177958627221 0.00000000194389556 1.00015837123768980
10030.92887883598086773 59.95336636886467829 0.02000227243329192 0.10020746503537725 0.07471688581374857 0.00000000193694420 1.00022607377810102
10030.92887883598086773 59.95336636886467829 0.02000227243329192 0.10020746503537725 0.07471688581374857 0.00000000193694420 1.00022607377810102
10030.92887883598086773 59.95336636886467829 0.02000227243329192 0.10020746503537725 0.07471688581374857 0.00000000193694420 1.00022607377810102
10025.54730660806671949 59.95359809410231122 0.02000534454264297 0.10023330954032005 0.07473555901863521 0.00000000193781704 1.00019835563994941
9994.43738020281125500 59.93940356606288589 0.02000294286274805 0.10022622140420923 0.07453957320432771 0.00000000192884941 1.00017525526608586
9958.47891710261865228 59.94375954624683089 0.02000353064923424 0.10025256460665626 0.07521297096669156 0.00000000192697142 1.00020510676910024
9958.47891710261865228 59.94375954624683089 0.02000353064923424 0.10025256460665626 0.07521297096669156 0.00000000192697142 1.00020510676910024
9953.06803731533000246 59.93144908147702665 0.02000239091539682 0.10024824089862262 0.07636916156053843 0.00000000192275956 1.00023185364577594
9953.06803731533000246 59.93144908147702665 0.02000239091539682 0.10024824089862262 0.07636916156053843 0.00000000192275956 1.00023185364577594
9953.06803731533000246 59.93144908147702665 0.02000239091539682 0.10024824089862262 0.07636916156053843 0.00000000192275956 1.00023185364577594
9947.29476371126656886 59.94792323948138346 0.02000060758404927 0.10022475892506055 0.07634972415325079 0.00000000192495142 1.00024925838180456
9941.53931352151084866 59.95289420949161752 0.02000019291537601 0.10021775324842880 0.07568683877921055 0.00000000191701067 1.00022750466522958
9934.19899627715494717 59.96485595564309534 0.02000008552791320 0.10021253574471532 0.07546575711332180 0.00000000192076588 1.00023392535285605
9934.19899627715494717 59.96485595564309534 0.02000008552791320 0.10021253574471532 0.07546575711332180 0.00000000192076588 1.00023392535285605
9928.41757183927984443 59.96631802218407614 0.02000022406859379 0.10022767904106432 0.07466285185802721 0.00000000191879853 1.00022001673586680
9928.41757183927984443 59.96631802218407614 0.02000022406859379 0.10022767904106432 0.07466285185802721 0.00000000191879853 1.00022001673586680
9928.41757183927984443 59.96631802218407614 0.02000022406859379 0.10022767904106432 0.07466285185802721 0.00000000191879853 1.00022001673586680
9928.41757183927984443 59.96631802218407614 0.02000022406859379 0.10022767904106432 0.07466285185802721 0.00000000191879853 1.00022001673586680
9928.41757183927984443 59.96631802218407614 0.02000022406859379 0.10022767904106432 0.07466285185802721 0.00000000191879853 1.00022001673586680
9928.41757183927984443 59.96631802218407614 0.02000022406859379 0.10022767904106432 0.07466285185802721 0.00000000191879853 1.00022001673586680
9928.41757183927984443 59.96631802218407614 0.02000022406859379 0.10022767904106432 0.07466285185802721 0.00000000191879853 1.00022001673586680
9908.50836687568153138 59.98787871470620559 0.01999994445910299 0.10022938222304928 0.07320211985470125 0.00000000191436693 1.00023834306718507
9886.21932347389156348 60.02165746519229117 0.02000007537358329 0.10020825559170386 0.07358124262465895 0.00000000191821244 1.00025750706213756
9864.03128300374373794 60.03139984928608186 0.02000186164397125 0.10023317438960412 0.07324473223869218 0.00000000191610582 1.00023749938690809
9864.03128300374373794 60.03139984928608186 0.02000186164397125 0.10023317438960412 0.07324473223869218 0.00000000191610582 1.00023749938690809
9853.21489255571941612 60.03717023486660764 0.02000082007230422 0.10022158077877046 0.07470790758249377 0.00000000191639964 1.00025737674274673
9853.21489255571941612 60.03717023486660764 0.02000082007230422 0.10022158077877046 0.07470790758249377 0.00000000191639964 1.00025737674274673
9853.21489255571941612 60.03717023486660764 0.02000082007230422 0.10022158077877046 0.07470790758249377 0.00000000191639964 1.00025737674274673
9852.53580259005138942 60.05315964414882046 0.02000175256206187 0.10021320713217484 0.07406508646138292 0.00000000192156218 1.00017477898750462
9852.53580259005138942 60.05315964414882046 0.02000175256206187 0.10021320713217484 0.07406508646138292 0.00000000192156218 1.00017477898750462
9852.53580259005138942 60.05315964414882046 0.02000175256206187 0.10021320713217484 0.07406508646138292 0.00000000192156218 1.00017477898750462
9852.53580259005138942 60.05315964414882046 0.02000175256206187 0.10021320713217484 0.07406508646138292 0.00000000192156218 1.00017477898750462
9852.53580259005138942 60.05315964414882046 0.02000175256206187 0.10021320713217484 0.07406508646138292 0.00000000192156218 1.00017477898750462
9852.53580259005138942 60.05315964414882046 0.02000175256206187 0.10021320713217484 0.07406508646138292 0.00000000192156218 1.00017477898750462
9852.53580259005138942 60.05315964414882046 0.02000175256206187 0.10021320713217484 0.07406508646138292 0.00000000192156218 1.00017477898750462
9847.84493310331890825 60.04590000500909497 0.01999984040731323 0.10022771506419573 0.07427255557514942 0.00000000192064772 1.00021272076663248
9833.80483218952940661 60.05351471712231159 0.01999924937932950 0.10021987716739442 0.07466622865367133 0.00000000191590318 1.00017753072888893
9830.60615244645669009 60.05962571937641314 0.01999952074767245 0.10024253156672983 0.07321583278279382 0.00000000191799878 1.00021850308467286
9804.94574546968033246 60.08550977678557103 0.02000081801092042 0.10023051112398820 0.07442246156664199 0.00000000192214833 1.00014363054213140
9804.94574546968033246 60.08550977678557103 0.02000081801092042 0.10023051112398820 0.07442246156664199 0.00000000192214833 1.00014363054213140
9794.72995730761795130 60.09347593356593364 0.01999894867572189 0.10022946949559568 0.07485832221578993 0.00000000192426566 1.00011850815212733
9794.72995730761795130 60.09347593356593364 0.01999894867572189 0.10022946949559568 0.07485832221578993 0.00000000192426566 1.00011850815212733
9794.72995730761795130 60.09347593356593364 0.01999894867572189 0.10022946949559568 0.07485832221578993 0.00000000192426566 1.00011850815212733
9792.57086752376926597 60.10032463268979086 0.01999914670959180 0.10019467898485433 0.07580406406490907 0.00000000192007074 1.00011473132287820
9792.57086752376926597 60.10032463268979086 0.01999914670959180 0.10019467898485433 0.07580406406490907 0.00000000192007074 1.00011473132287820
9791.54982469348033192 60.07841449692972446 0.01999843269444790 0.10024344473738160 0.07669321972623218 0.00000000192346551 1.00010526077824391
9772.66400540188988089 60.09802825448817742 0.01999865573896823 0.10023817074522305 0.07698263190729598 0.00000000192254118 1.00003453331674375
9772.66400540188988089 60.09802825448817742 0.01999865573896823 0.10023817074522305 0.07698263190729598 0.00000000192254118 1.00003453331674375
9772.66400540188988089 60.09802825448817742 0.01999865573896823 0.10023817074522305 0.07698263190729598 0.00000000192254118 1.00003453331674375
9772.66400540188988089 60.09802825448817742 0.01999865573896823 0.10023817074522305 0.07698263190729598 0.00000000192254118 1.00003453331674375
9772.66400540188988089 60.09802825448817742 0.01999865573896823 0.10023817074522305 0.07698263190729598 0.00000000192254118 1.00003453331674375
9757.73012510297121480 60.11539105324606425 0.01999808458484084 0.10023138372994801 0.07608790291733000 0.00000000191889110 0.99996658245835823
9755.47066478045053373 60.12364170187692025 0.01999944726676228 0.10024079908323899 0.07719963570907065 0.00000000191667634 0.99992480299938258
9755.47066478045053373 60.12364170187692025 0.01999944726676228 0.10024079908323899 0.07719963570907065 0.00000000191667634 0.99992480299938258
9755.47066478045053373 60.12364170187692025 0.01999944726676228 0.10024079908323899 0.07719963570907065 0.00000000191667634 0.99992480299938258
9729.50159930665540742 60.12307568431646132 0.01999905654672996 0.10027339726703931 0.07644617365649983 0.00000000192312342 0.99991966808874522
9729.50159930665540742 60.12307568431646132 0.01999905654672996 0.10027339726703931 0.07644617365649983 0.00000000192312342 0.99991966808874522
9729.50159930665540742 60.12307568431646132 0.01999905654672996 0.10027339726703931 0.07644617365649983 0.00000000192312342 0.99991966808874522
9699.48076803832555015 60.12840777873876164 0.01999818240059197 0.10032902283711075 0.07735627293202427 0.00000000192313899 0.99990379545056152
9699.48076803832555015 60.12840777873876164 0.01999818240059197 0.10032902283711075 0.07735627293202427 0.00000000192313899 0.99990379545056152
9699.48076803832555015 60.12840777873876164 0.01999818240059197 0.10032902283711075 0.07735627293202427 0.00000000192313899 0.99990379545056152
9694.71172885399573715 60.14616968092513360 0.01999948369166264 0.10029469701269256 0.07735069328942194 0.00000000192904092 0.99990292604391895
9694.71172885399573715 60.14616968092513360 0.01999948369166264 0.10029469701269256 0.07735069328942194 0.00000000192904092 0.99990292604391895
9680.60839968607251649 60.13349878720688935 0.01999890147534582 0.10035397933061811 0.07723205314086223 0.00000000192678607 0.99987150250900281
9680.60839968607251649 60.13349878720688935 0.01999890147534582 0.10035397933061811 0.07723205314086223 0.00000000192678607 0.99987150250900281
9666.01063177663490933 60.13182030876708239 0.02000053459761076 0.10039473345848952 0.07824148677642254 0.00000000192832446 0.99988867557003958
9666.01063177663490933 60.13182030876708239 0.02000053459761076 0.10039473345848952 0.07824148677642254 0.00000000192832446 0.99988867557003958
9666.01063177663490933 60.13182030876708239 0.02000053459761076 0.10039473345848952 0.07824148677642254 0.00000000192832446 0.99988867557003958
9666.01063177663490933 60.13182030876708239 0.02000053459761076 0.10039473345848952 0.07824148677642254 0.00000000192832446 0.99988867557003958
9663.59022883488796651 60.13088475271354127 0.02000086717435872 0.10041549179494517 0.07642855868556792 0.00000000193006280 0.99991573061259698
9658.57349318093110924 60.13700956248271012 0.02000193579468617 0.10040603060121692 0.07713723292041587 0.00000000192944556 0.99996486165928944
9658.57349318093110924 60.13700956248271012 0.02000193579468617 0.10040603060121692 0.07713723292041587 0.00000000192944556 0.99996486165928944
9654.10375470833241707 60.14902831883900802 0.02000235695182814 0.10042387045898081 0.07563603770044169 0.00000000193160486 1.00001371468381839
9654.10375470833241707 60.14902831883900802 0.02000235695182814 0.10042387045898081 0.07563603770044169 0.00000000193160486 1.00001371468381839
9654.10375470833241707 60.14902831883900802 0.02000235695182814 0.10042387045898081 0.07563603770044169 0.00000000193160486 1.00001371468381839
9654.10375470833241707 60.14902831883900802 0.02000235695182814 0.10042387045898081 0.07563603770044169 0.00000000193160486 1.00001371468381839
9654.10375470833241707 60.14902831883900802 0.02000235695182814 0.10042387045898081 0.07563603770044169 0.00000000193160486 1.00001371468381839
9614.64204948246879212 60.16742303635344769 0.02000179717350976 0.10044948392790182 0.07587978270926797 0.00000000192938123 1.00003157774040652
9614.64204948246879212 60.16742303635344769 0.02000179717350976 0.10044948392790182 0.07587978270926797 0.00000000192938123 1.00003157774040652
9614.64204948246879212 60.16742303635344769 0.02000179717350976 0.10044948392790182 0.07587978270926797 0.00000000192938123 1.00003157774040652
9614.64204948246879212 60.16742303635344769 0.02000179717350976 0.10044948392790182 0.07587978270926797 0.00000000192938123 1.00003157774040652
9603.66331378231916460 60.16979197812683111 0.02000118125444780 0.10045413027338433 0.07669187322617696 0.00000000192868101 1.00001927807389412
9603.66331378231916460 60.16979197812683111 0.02000118125444780 0.10045413027338433 0.07669187322617696 0.00000000192868101 1.00001927807389412
9576.69763256278019981 60.19257683660153191 0.02000258528027992 0.10046471498449211 0.07725581444018095 0.00000000193351406 0.99996071326973079
9568.96897710468510923 60.18984151533605598 0.02000334508653827 0.10048794652392919 0.07732892067713174 0.00000000192659648 0.99994776822754405
9568.96897710468510923 60.18984151533605598 0.02000334508653827 0.10048794652392919 0.07732892067713174 0.00000000192659648 0.99994776822754405
9568.96897710468510923 60.18984151533605598 0.02000334508653827 0.10048794652392919 0.07732892067713174 0.00000000192659648 0.99994776822754405
9568.96897710468510923 60.18984151533605598 0.02000334508653827 0.10048794652392919 0.07732892067713174 0.00000000192659648 0.99994776822754405
9568.96897710468510923 60.18984151533605598 0.02000334508653827 0.10048794652392919 0.07732892067713174 0.00000000192659648 0.99994776822754405
9567.72098817181358754 60.17594935601788109 0.02000305425128384 0.10052496991496532 0.07600884159961011 0.00000000192225530 0.99988848098949590
9567.72098817181358754 60.17594935601788109 0.02000305425128384 0.10052496991496532 0.07600884159961011 0.00000000192225530 0.99988848098949590
9567.72098817181358754 60.17594935601788109 0.02000305425128384 0.10052496991496532 0.07600884159961011 0.00000000192225530 0.99988848098949590
9551.52609755289813620 60.20001550205915208 0.02000087152761726 0.10049837941665948 0.07583418166528355 0.00000000192222803 0.99983844463339377
9529.13501035273657180 60.21371328352326913 0.01999934319195070 0.10052438843723843 0.07530311863783266 0.00000000191740090 0.99985205901952556
9529.13501035273657180 60.21371328352326913 0.01999934319195070 0.10052438843723843 0.07530311863783266 0.00000000191740090 0.99985205901952556
9505.19920625527447555 60.23258956099399342 0.01999874270554079 0.10053569798179009 0.07503921066792464 0.00000000191651059 0.99988029085722030
9504.86195342962673749 60.24125750733902862 0.01999809606091443 0.10050533788715463 0.07426997789012779 0.00000000191957969 0.99985415989533721
9485.41412699766624428 60.26253584402235930 0.01999750563038043 0.10052445445112095 0.07591692510502462 0.00000000191613676 0.99983908122510501
9466.50241904980430263 60.28220800325750162 0.01999587816538147 0.10053921725970989 0.07664495926298819 0.00000000191622822 0.99984597497564975
9446.68110243973387696 60.26962170668937802 0.01999419771783292 0.10056281056576315 0.07576800134531232 0.00000000192165518 0.99983421613126400
9446.68110243973387696 60.26962170668937802 0.01999419771783292 0.10056281056576315 0.07576800134531232 0.00000000192165518 0.99983421613126400
9444.32990868526394479 60.26987170587488407 0.01999287936255296 0.10055575482874143 0.07575165921353143 0.00000000192449997 0.99972437389496183
9444.32990868526394479 60.26987170587488407 0.01999287936255296 0.10055575482874143 0.07575165921353143 0.00000000192449997 0.99972437389496183
9444.32990868526394479 60.26987170587488407 0.01999287936255296 0.10055575482874143 0.07575165921353143 0.00000000192449997 0.99972437389496183
9433.42576994144837954 60.28069151209432164 0.01999334749695519 0.10055907127291128 0.07474932613557705 0.00000000192044129 0.99968433432207193
9433.42576994144837954 60.28069151209432164 0.01999334749695519 0.10055907127291128 0.07474932613557705 0.00000000192044129 0.99968433432207193
9433.42576994144837954 60.28069151209432164 0.01999334749695519 0.10055907127291128 0.07474932613557705 0.00000000192044129 0.99968433432207193
9433.42576994144837954 60.28069151209432164 0.01999334749695519 0.10055907127291128 0.07474932613557705 0.00000000192044129 0.99968433432207193
9419.61874668601922167 60.28879298802279152 0.01999443380812118 0.10057406586484813 0.07451462439298195 0.00000000192365312 0.99967014387926778
9403.96035740026854910 60.28604628174217339 0.01999353858718835 0.10064331906714172 0.07356487839334415 0.00000000192774706 0.99966511018533621
9403.96035740026854910 60.28604628174217339 0.01999353858718835 0.10064331906714172 0.07356487839334415 0.00000000192774706 0.99966511018533621
9403.96035740026854910 60.28604628174217339 0.01999353858718835 0.10064331906714172 0.07356487839334415 0.00000000192774706 0.99966511018533621
9403.96035740026854910 60.28604628174217339 0.01999353858718835 0.10064331906714172 0.07356487839334415 0.00000000192774706 0.99966511018533621
9403.96035740026854910 60.28604628174217339 0.01999353858718835 0.10064331906714172 0.07356487839334415 0.00000000192774706 0.99966511018533621
9403.96035740026854910 60.28604628174217339 0.01999353858718835 0.10064331906714172 0.07356487839334415 0.00000000192774706 0.99966511018533621
9391.78507800357328961 60.29841649575627827 0.01999439534235017 0.10063468408511619 0.07400117531547323 0.00000000192865185 0.99958987500073015
9391.78507800357328961 60.29841649575627827 0.01999439534235017 0.10063468408511619 0.07400117531547323 0.00000000192865185 0.99958987500073015
9375.87528351872970234 60.29858758849707101 0.01999378825496362 0.10065293255151658 0.07469178763875355 0.00000000192847433 0.99956314577156413
9375.87528351872970234 60.29858758849707101 0.01999378825496362 0.10065293255151658 0.07469178763875355 0.00000000192847433 0.99956314577156413
9333.60621310354690650 60.32524913905876218 0.01999373449935508 0.10067722188783440 0.07469803993421932 0.00000000192524412 0.99950423019381940
9333.60621310354690650 60.32524913905876218 0.01999373449935508 0.10067722188783440 0.07469803993421932 0.00000000192524412 0.99950423019381940
9333.60621310354690650 60.32524913905876218 0.01999373449935508 0.10067722188783440 0.07469803993421932 0.00000000192524412 0.99950423019381940
9324.93865257202742214 60.32332975064434777 0.01999616402892501 0.10071130447285996 0.07415818212372173 0.00000000192535947 0.99949807095698939
9323.82073048190250120 60.33653290592864238 0.01999699333393030 0.10070490629158879 0.07260677025834042 0.00000000192380314 0.99950419744969987
9323.82073048190250120 60.33653290592864238 0.01999699333393030 0.10070490629158879 0.07260677025834042 0.00000000192380314 0.99950419744969987
9323.82073048190250120 60.33653290592864238 0.01999699333393030 0.10070490629158879 0.07260677025834042 0.00000000192380314 0.99950419744969987
9323.82073048190250120 60.33653290592864238 0.01999699333393030 0.10070490629158879 0.07260677025834042 0.00000000192380314 0.99950419744969987
9321.80109807008921052 60.32730734230514713 0.01999822991013785 0.10071609020562342 0.07509006901602334 0.00000000192063727 0.99945901859701725
9308.15433968754405214 60.33658215526708091 0.01999679760716227 0.10070812752984229 0.07583047499954085 0.00000000192789467 0.99938615084861748
9285.25996053396193020 60.36744526370841868 0.01999614577645920 0.10069477424929414 0.07511785541275581 0.00000000193093569 0.99939001394222970
9285.25996053396193020 60.36744526370841868 0.01999614577645920 0.10069477424929414 0.07511785541275581 0.00000000193093569 0.99939001394222970
9271.33382073051870975 60.36551018144715641 0.01999634205952859 0.10072588104478983 0.07584492261480019 0.00000000193205287 0.99941602346341518
9271.33382073051870975 60.36551018144715641 0.01999634205952859 0.10072588104478983 0.07584492261480019 0.00000000193205287 0.99941602346341518
9271.33382073051870975 60.36551018144715641 0.01999634205952859 0.10072588104478983 0.07584492261480019 0.00000000193205287 0.99941602346341518
9271.33382073051870975 60.36551018144715641 0.01999634205952859 0.10072588104478983 0.07584492261480019 0.00000000193205287 0.99941602346341518
9251.70855398214007437 60.39033416447894353 0.01999817564195101 0.10071932819577947 0.07458738863218536 0.00000000192519804 0.99941420867346209
9251.70855398214007437 60.39033416447894353 0.01999817564195101 0.10071932819577947 0.07458738863218536 0.00000000192519804 0.99941420867346209
9251.70855398214007437 60.39033416447894353 0.01999817564195101 0.10071932819577947 0.07458738863218536 0.00000000192519804 0.99941420867346209
9250.29180664161685854 60.40292173522083630 0.01999813809949829 0.10069241813087595 0.07480586319793309 0.00000000192425192 0.99939474608898915
9250.29180664161685854 60.40292173522083630 0.01999813809949829 0.10069241813087595 0.07480586319793309 0.00000000192425192 0.99939474608898915
9250.29180664161685854 60.40292173522083630 0.01999813809949829 0.10069241813087595 0.07480586319793309 0.00000000192425192 0.99939474608898915
9225.90809419946162961 60.42246591658837929 0.01999691958514511 0.10070270874306383 0.07518023032365767 0.00000000192389506 0.99938712225386128
9225.90809419946162961 60.42246591658837929 0.01999691958514511 0.10070270874306383 0.07518023032365767 0.00000000192389506 0.99938712225386128
9225.90809419946162961 60.42246591658837929 0.01999691958514511 0.10070270874306383 0.07518023032365767 0.00000000192389506 0.99938712225386128
9225.90809419946162961 60.42246591658837929 0.01999691958514511 0.10070270874306383 0.07518023032365767 0.00000000192389506 0.99938712225386128
9225.90809419946162961 60.42246591658837929 0.01999691958514511 0.10070270874306383 0.07518023032365767 0.00000000192389506 0.99938712225386128
9213.44660738388120080 60.42063248922941909 0.01999805503402962 0.10073420013462556 0.07531842835249794 0.00000000192600724 0.99936046338897677
9213.44660738388120080 60.42063248922941909 0.01999805503402962 0.10073420013462556 0.07531842835249794 0.00000000192600724 0.99936046338897677
9210.07946133407676825 60.42588759503829010 0.01999763828624414 0.10072889021900118 0.07555915131100542 0.00000000193249321 0.99938164276517649
9203.86682780393130088 60.43236651651773883 0.01999564661416284 0.10075557784116737 0.07460780942733265 0.00000000193598057 0.99937986389169697
9203.86682780393130088 60.43236651651773883 0.01999564661416284 0.10075557784116737 0.07460780942733265 0.00000000193598057 0.99937986389169697
9203.86682780393130088 60.43236651651773883 0.01999564661416284 0.10075557784116737 0.07460780942733265 0.00000000193598057 0.99937986389169697
9203.86682780393130088 60.43236651651773883 0.01999564661416284 0.10075557784116737 0.07460780942733265 0.00000000193598057 0.99937986389169697
9203.86682780393130088 60.43236651651773883 0.01999564661416284 0.10075557784116737 0.07460780942733265 0.00000000193598057 0.99937986389169697
9186.54797548164424370 60.43338812327000653 0.01999617429488530 0.10076911590898743 0.07442678430896366 0.00000000193011490 0.99934619546091585
9186.54797548164424370 60.43338812327000653 0.01999617429488530 0.10076911590898743 0.07442678430896366 0.00000000193011490 0.99934619546091585
9183.53643878722141380 60.44070033864047531 0.01999718592591175 0.10075504968106928 0.07481708030059338 0.00000000192719042 0.99940239396177655
9183.53643878722141380 60.44070033864047531 0.01999718592591175 0.10075504968106928 0.07481708030059338 0.00000000192719042 0.99940239396177655
9183.53643878722141380 60.44070033864047531 0.01999718592591175 0.10075504968106928 0.07481708030059338 0.00000000192719042 0.99940239396177655
9182.81317865208620788 60.44715916070241235 0.01999602249906510 0.10074614304542452 0.07624362547108797 0.00000000192723344 0.99948260553327262
9153.16835176099993987 60.45816484628345222 0.01999674383791165 0.10078392994582239 0.07532221011959957 0.00000000192925359 0.99947565630095259
9153.16835176099993987 60.45816484628345222 0.01999674383791165 0.10078392994582239 0.07532221011959957 0.00000000192925359 0.99947565630095259
9150.69228960526379524 60.46649985286730100 0.01999817155962726 0.10079736091315963 0.07352266645619844 0.00000000193042680 0.99944642844030418
9150.10738753183977678 60.48505966908631137 0.01999835375263273 0.10075752963524848 0.07367099226862368 0.00000000193141017 0.99944955846702244
9135.75550228018619237 60.48448610865742125 0.01999651368567582 0.10076873524748441 0.07477473017363859 0.00000000192356065 0.99943900987378609
9135.75550228018619237 60.48448610865742125 0.01999651368567582 0.10076873524748441 0.07477473017363859 0.00000000192356065 0.99943900987378609
9135.75550228018619237 60.48448610865742125 0.01999651368567582 0.10076873524748441 0.07477473017363859 0.00000000192356065 0.99943900987378609
9135.75550228018619237 60.48448610865742125 0.01999651368567582 0.10076873524748441 0.07477473017363859 0.00000000192356065 0.99943900987378609
9134.22510893189610215 60.48545705635323344 0.01999707427789502 0.10076738379154611 0.07489029827852856 0.00000000193093573 0.99944804330735437
9134.22510893189610215 60.48545705635323344 0.01999707427789502 0.10076738379154611 0.07489029827852856 0.00000000193093573 0.99944804330735437
9125.81067649162832822 60.48947369836269417 0.01999862178634629 0.10077641032956974 0.07574352695963830 0.00000000193331542 0.99945215415468280
9119.91452308669977356 60.48433122489162628 0.01999901183813110 0.10080489931890357 0.07673639622407669 0.00000000193198286 0.99950873665072748
9104.29849604963783349 60.48335205229022904 0.01999919963442731 0.10084482205554442 0.07631247411822153 0.00000000193148835 0.99953995118693406
9088.78346258286183001 60.49211233192299630 0.01999938821117566 0.10086807863962376 0.07483486621236134 0.00000000192459945 0.99947721764998665
9088.78346258286183001 60.49211233192299630 0.01999938821117566 0.10086807863962376 0.07483486621236134 0.00000000192459945 0.99947721764998665
9088.78346258286183001 60.49211233192299630 0.01999938821117566 0.10086807863962376 0.07483486621236134 0.00000000192459945 0.99947721764998665
9088.78346258286183001 60.49211233192299630 0.01999938821117566 0.10086807863962376 0.07483486621236134 0.00000000192459945 0.99947721764998665
9074.39516003423341317 60.49863802459600493 0.01999952501797190 0.10088506088719475 0.07393242345666176 0.00000000192478570 0.99952889496979702
9074.39516003423341317 60.49863802459600493 0.01999952501797190 0.10088506088719475 0.07393242345666176 0.00000000192478570 0.99952889496979702
9042.47987036664562766 60.52451146235542012 0.01999895017441765 0.10090044269296303 0.07274789122273213 0.00000000192150261 0.99949863184710008
9042.47987036664562766 60.52451146235542012 0.01999895017441765 0.10090044269296303 0.07274789122273213 0.00000000192150261 0.99949863184710008
9037.02068106881051790 60.54004976777537195 0.02000144391601793 0.10088526788032308 0.07237291802857340 0.00000000192294017 0.99949552136747011
9037.02068106881051790 60.54004976777537195 0.02000144391601793 0.10088526788032308 0.07237291802857340 0.00000000192294017 0.99949552136747011
9032.10412491140050406 60.54885050465065177 0.02000281384089838 0.10089182620092690 0.07250619431765046 0.00000000191426566 0.99947520396116363
9032.10412491140050406 60.54885050465065177 0.02000281384089838 0.10089182620092690 0.07250619431765046 0.00000000191426566 0.99947520396116363
9027.26559309361982741 60.55032630719765763 0.02000202292953452 0.10088044038207541 0.07288211525263395 0.00000000192117597 0.99945077150754869
9027.26559309361982741 60.55032630719765763 0.02000202292953452 0.10088044038207541 0.07288211525263395 0.00000000192117597 0.99945077150754869
9027.26559309361982741 60.55032630719765763 0.02000202292953452 0.10088044038207541 0.07288211525263395 0.00000000192117597 0.99945077150754869
9027.26559309361982741 60.55032630719765763 0.02000202292953452 0.10088044038207541 0.07288211525263395 0.00000000192117597 0.99945077150754869
9027.26559309361982741 60.55032630719765763 0.02000202292953452 0.10088044038207541 0.07288211525263395 0.00000000192117597 0.99945077150754869
9027.26559309361982741 60.55032630719765763 0.02000202292953452 0.10088044038207541 0.07288211525263395 0.00000000192117597 0.99945077150754869
9027.26559309361982741 60.55032630719765763 0.02000202292953452 0.10088044038207541 0.07288211525263395 0.00000000192117597 0.99945077150754869
9027.26559309361982741 60.55032630719765763 0.02000202292953452 0.10088044038207541 0.07288211525263395 0.00000000192117597 0.99945077150754869
9009.26234192259107658 60.56708290903369374 0.02000127815443488 0.10088043956607060 0.07440567319999671 0.00000000192558697 0.99951121662391884
9009.26234192259107658 60.56708290903369374 0.02000127815443488 0.10088043956607060 0.07440567319999671 0.00000000192558697 0.99951121662391884
8996.99429801373662485 60.58451794017079095 0.02000211057716484 0.10088514977943715 0.07458609650753444 0.00000000192234439 0.99955507310221781
8990.66079687807723531 60.59498164317587765 0.02000221246850592 0.10088437694683719 0.07466699096702394 0.00000000192112298 0.99955128291398165
8990.66079687807723531 60.59498164317587765 0.02000221246850592 0.10088437694683719 0.07466699096702394 0.00000000192112298 0.99955128291398165
8990.66079687807723531 60.59498164317587765 0.02000221246850592 0.10088437694683719 0.07466699096702394 0.00000000192112298 0.99955128291398165
8986.44123986105842050 60.60017335237456138 0.02000453603416549 0.10086746377540995 0.07405880316373860 0.00000000192338476 0.99952189402774216
8979.85010918908301392 60.60245421918413911 0.02000342443323633 0.10087147944915766 0.07410782767374102 0.00000000193082192 0.99950464265345063
8977.87797230796786607 60.58800410099654954 0.02000185611110135 0.10091864824167526 0.07344280425254841 0.00000000193146102 0.99951975586963593
8977.87797230796786607 60.58800410099654954 0.02000185611110135 0.10091864824167526 0.07344280425254841 0.00000000193146102 0.99951975586963593
8956.73253188652779500 60.59846051179660975 0.02000133462612040 0.10092956769538286 0.07384710088378048 0.00000000192720789 0.99952682827304473
8956.73253188652779500 60.59846051179660975 0.02000133462612040 0.10092956769538286 0.07384710088378048 0.00000000192720789 0.99952682827304473
8956.73253188652779500 60.59846051179660975 0.02000133462612040 0.10092956769538286 0.07384710088378048 0.00000000192720789 0.99952682827304473
8941.22348408976540668 60.60667749255767944 0.02000147624062980 0.10095741278337553 0.07419685690422488 0.00000000193518597 0.99949615607518549
8918.06750367050517525 60.61460522919972504 0.02000191379429492 0.10098533408500981 0.07340003327868706 0.00000000192842153 0.99947288817304036
8895.10383778038158198 60.62870534150089696 0.02000095864966183 0.10100118802448732 0.07417648401046578 0.00000000192777832 0.99945266152094947
8895.10383778038158198 60.62870534150089696 0.02000095864966183 0.10100118802448732 0.07417648401046578 0.00000000192777832 0.99945266152094947
8895.10383778038158198 60.62870534150089696 0.02000095864966183 0.10100118802448732 0.07417648401046578 0.00000000192777832 0.99945266152094947
8895.10383778038158198 60.62870534150089696 0.02000095864966183 0.10100118802448732 0.07417648401046578 0.00000000192777832 0.99945266152094947
8895.10383778038158198 60.62870534150089696 0.02000095864966183 0.10100118802448732 0.07417648401046578 0.00000000192777832 0.99945266152094947
8890.71209816051123198 60.64085115018448846 0.02000117434234693 0.10100241941833507 0.07279663152663977 0.00000000193115140 0.99949699009479887
8890.71209816051123198 60.64085115018448846 0.02000117434234693 0.10100241941833507 0.07279663152663977 0.00000000193115140 0.99949699009479887
8873.14967558985881624 60.62547543521814220 0.02000212098777842 0.10106793382474805 0.07322957244617660 0.00000000192875773 0.99949228427425718
8873.14967558985881624 60.62547543521814220 0.02000212098777842 0.10106793382474805 0.07322957244617660 0.00000000192875773 0.99949228427425718
8873.14967558985881624 60.62547543521814220 0.02000212098777842 0.10106793382474805 0.07322957244617660 0.00000000192875773 0.99949228427425718
8858.29633102094521746 60.63910676191728300 0.02000280054139131 0.10107676903556152 0.07241254197770275 0.00000000192626683 0.99951963170212366
8858.29633102094521746 60.63910676191728300 0.02000280054139131 0.10107676903556152 0.07241254197770275 0.00000000192626683 0.99951963170212366
8847.95932072663708823 60.65003860826298165 0.02000238290847968 0.10107384699367382 0.07235433511073196 0.00000000192473862 0.99954330256714208
8844.95868856669767410 60.65304701144238209 0.02000323328141158 0.10107165273856017 0.07343697294056351 0.00000000192745652 0.99954272754147988
8844.95868856669767410 60.65304701144238209 0.02000323328141158 0.10107165273856017 0.07343697294056351 0.00000000192745652 0.99954272754147988
8819.88108794225809106 60.67224691182968144 0.02000389225106613 0.10108599398945528 0.07386311567708047 0.00000000192893449 0.99953423365694982
8819.88108794225809106 60.67224691182968144 0.02000389225106613 0.10108599398945528 0.07386311567708047 0.00000000192893449 0.99953423365694982
8790.40035222256847192 60.69026508968793365 0.02000325076142469 0.10111663291272906 0.07262269127273706 0.00000000192507332 0.99953817443620574
8788.20075624625314958 60.69296795021280388 0.02000434744750855 0.10113687829874184 0.07339433460288922 0.00000000192100923 0.99953513401183736
8776.05659875050150731 60.69034589463864648 0.02000492934792056 0.10115148099180360 0.07312686104208782 0.00000000192723177 0.99949728094060730
8772.56920977723530086 60.68828385301285522 0.02000467614942580 0.10116967750191508 0.07439615466727566 0.00000000192754627 0.99947752627682707
8768.31019839658256387 60.69787240569215925 0.02000502874607184 0.10118158779342483 0.07389819053931369 0.00000000192169930 0.99946649781004637
8768.31019839658256387 60.69787240569215925 0.02000502874607184 0.10118158779342483 0.07389819053931369 0.00000000192169930 0.99946649781004637
8762.47283095166130806 60.71243314317644746 0.02000595442963107 0.10113641703769154 0.07339893040603974 0.00000000192543924 0.99944397989697731
8762.47283095166130806 60.71243314317644746 0.02000595442963107 0.10113641703769154 0.07339893040603974 0.00000000192543924 0.99944397989697731
8740.23940944291462074 60.74787883554417789 0.02000536079636265 0.10115745226427843 0.07483569393127655 0.00000000192212200 0.99945023833222946
8733.96225866609529476 60.75838077303461660 0.02000457928671742 0.10115267393662349 0.07499378001144688 0.00000000192226536 0.99952429392402697
8733.96225866609529476 60.75838077303461660 0.02000457928671742 0.10115267393662349 0.07499378001144688 0.00000000192226536 0.99952429392402697
8733.96225866609529476 60.75838077303461660 0.02000457928671742 0.10115267393662349 0.07499378001144688 0.00000000192226536 0.99952429392402697
8710.22454782479690039 60.75314311127804245 0.02000497244292199 0.10117165265419659 0.07532103547663915 0.00000000193053589 0.99953138457510315
8710.22454782479690039 60.75314311127804245 0.02000497244292199 0.10117165265419659 0.07532103547663915 0.00000000193053589 0.99953138457510315
8710.22454782479690039 60.75314311127804245 0.02000497244292199 0.10117165265419659 0.07532103547663915 0.00000000193053589 0.99953138457510315
8692.68043419814421213 60.77385743100104776 0.02000617867389477 0.10119650185002765 0.07574447224439651 0.00000000192813654 0.99956818383933277
8681.95605146893831261 60.76766663695585180 0.02000550452112761 0.10122662475115152 0.07600912958331518 0.00000000193043055 0.99957450341523135
8681.95605146893831261 60.76766663695585180 0.02000550452112761 0.10122662475115152 0.07600912958331518 0.00000000193043055 0.99957450341523135
8664.96767727779297275 60.77439986089088819 0.02000480989526814 0.10122629154381413 0.07597325797781350 0.00000000193446772 0.99957234691799934
8649.48721253417897969 60.80068705899295622 0.02000354543816073 0.10122487253016697 0.07545856746703078 0.00000000192871387 0.99955661129465900
8640.06445535583952733 60.82183335523990309 0.02000415009375035 0.10118248619177171 0.07477865711221897 0.00000000192893643 0.99955460561743892
8640.06445535583952733 60.82183335523990309 0.02000415009375035 0.10118248619177171 0.07477865711221897 0.00000000192893643 0.99955460561743892
8640.06445535583952733 60.82183335523990309 0.02000415009375035 0.10118248619177171 0.07477865711221897 0.00000000192893643 0.99955460561743892
8628.33453355016899877 60.81821288501742373 0.02000244539693282 0.10121401067241857 0.07394213100998608 0.00000000192718147 0.99960364972876370
8628.33453355016899877 60.81821288501742373 0.02000244539693282 0.10121401067241857 0.07394213100998608 0.00000000192718147 0.99960364972876370
8606.04245846979938506 60.84278509902851795 0.02000274201033582 0.10122646132819700 0.07438546586927477 0.00000000192627016 0.99960365628147052
8577.71140577695587126 60.85951766950520181 0.02000268502424402 0.10125163280097449 0.07327425407236302 0.00000000192343639 0.99953671165154367
8577.71140577695587126 60.85951766950520181 0.02000268502424402 0.10125163280097449 0.07327425407236302 0.00000000192343639 0.99953671165154367
8577.71140577695587126 60.85951766950520181 0.02000268502424402 0.10125163280097449 0.07327425407236302 0.00000000192343639 0.99953671165154367
8571.12688653947770945 60.86970859778708132 0.02000220612577413 0.10126220945281506 0.07268496735066936 0.00000000191880933 0.99950481757498044
8571.12688653947770945 60.86970859778708132 0.02000220612577413 0.10126220945281506 0.07268496735066936 0.00000000191880933 0.99950481757498044
8571.12688653947770945 60.86970859778708132 0.02000220612577413 0.10126220945281506 0.07268496735066936 0.00000000191880933 0.99950481757498044
8569.77238081559698912 60.87244204621097055 0.02000146177345844 0.10127919099607402 0.07229054460730400 0.00000000191528956 0.99954978979418441
8569.77238081559698912 60.87244204621097055 0.02000146177345844 0.10127919099607402 0.07229054460730400 0.00000000191528956 0.99954978979418441
8569.77238081559698912 60.87244204621097055 0.02000146177345844 0.10127919099607402 0.07229054460730400 0.00000000191528956 0.99954978979418441
8563.17837983713616268 60.88225471888515727 0.02000074802568936 0.10125197272880351 0.07268772107214877 0.00000000191857741 0.99952152567215558
8563.17837983713616268 60.88225471888515727 0.02000074802568936 0.10125197272880351 0.07268772107214877 0.00000000191857741 0.99952152567215558
8563.17837983713616268 60.88225471888515727 0.02000074802568936 0.10125197272880351 0.07268772107214877 0.00000000191857741 0.99952152567215558
8561.09013854395016097 60.90688024031194203 0.02000083602927880 0.10123142356051623 0.07243600173369412 0.00000000191450919 0.99956520779671654
8560.91184684682593797 60.90806661581564185 0.02000074805884617 0.10119710059825938 0.07175126238456478 0.00000000191532130 0.99957436514152542
8539.96657009884802392 60.89523958122692449 0.02000017982105832 0.10123835739421826 0.07059643411120052 0.00000000192443638 0.99954932459685764
8539.96657009884802392 60.89523958122692449 0.02000017982105832 0.10123835739421826 0.07059643411120052 0.00000000192443638 0.99954932459685764
8531.43489641763517284 60.91835714144930591 0.02000136297308977 0.10123249186639273 0.07018590657770046 0.00000000192929023 0.99957896840813509
8531.43489641763517284 60.91835714144930591 0.02000136297308977 0.10123249186639273 0.07018590657770046 0.00000000192929023 0.99957896840813509
8531.43489641763517284 60.91835714144930591 0.02000136297308977 0.10123249186639273 0.07018590657770046 0.00000000192929023 0.99957896840813509
8490.43498201574402628 60.94464514883956241 0.01999948924220770 0.10123860054730383 0.07109278794847729 0.00000000192695804 0.99953545551917566
8490.43498201574402628 60.94464514883956241 0.01999948924220770 0.10123860054730383 0.07109278794847729 0.00000000192695804 0.99953545551917566
8480.30960648567997850 60.96703401160354474 0.01999991536197122 0.10122981644383236 0.07080507490438959 0.00000000193140825 0.99952831856745628
8453.72941007331246510 60.98029562487447208 0.02000059470417055 0.10125447486004201 0.07068136336406673 0.00000000192858126 0.99955214497402844
8453.72941007331246510 60.98029562487447208 0.02000059470417055 0.10125447486004201 0.07068136336406673 0.00000000192858126 0.99955214497402844
8453.72941007331246510 60.98029562487447208 0.02000059470417055 0.10125447486004201 0.07068136336406673 0.00000000192858126 0.99955214497402844
8436.76115539633610751 61.00258513972981689 0.02000165811936946 0.10123665080512899 0.07141403271468499 0.00000000192601559 0.99957392774340881
8436.76115539633610751 61.00258513972981689 0.02000165811936946 0.10123665080512899 0.07141403271468499 0.00000000192601559 0.99957392774340881
8436.76115539633610751 61.00258513972981689 0.02000165811936946 0.10123665080512899 0.07141403271468499 0.00000000192601559 0.99957392774340881
8436.76115539633610751 61.00258513972981689 0.02000165811936946 0.10123665080512899 0.07141403271468499 0.00000000192601559 0.99957392774340881
8419.97060382367453713 61.02652281480902019 0.02000067362261930 0.10122927629481898 0.06974983353363846 0.00000000192472132 0.99955342857769314
8382.12427468330133706 61.03422763897492587 0.02000064353829041 0.10130746025453602 0.06936460529888534 0.00000000192437729 0.99958962870085832
8374.25933129855548032 61.04822280595384143 0.02000024038878558 0.10129266319690625 0.06959678188717523 0.00000000192551320 0.99958832645436058
8364.35123513451799226 61.06226569960337969 0.02000250100525564 0.10127623577735752 0.07112015981479210 0.00000000192486647 0.99950715071049345
8353.02300869832833996 61.07332988031301113 0.02000230855074456 0.10128187399743432 0.07073423146559785 0.00000000192225227 0.99951259909362611
8348.67215727849907125 61.07216589412531960 0.01999965547642800 0.10129361287884789 0.06944043391447816 0.00000000191674386 0.99942767838088264
8345.03238567716289253 61.07316215184727781 0.01999992684154778 0.10129810119132712 0.06885043909618645 0.00000000191942356 0.99949099941415487
8345.03238567716289253 61.07316215184727781 0.01999992684154778 0.10129810119132712 0.06885043909618645 0.00000000191942356 0.99949099941415487
8345.03238567716289253 61.07316215184727781 0.01999992684154778 0.10129810119132712 0.06885043909618645 0.00000000191942356 0.99949099941415487
8345.03238567716289253 61.07316215184727781 0.01999992684154778 0.10129810119132712 0.06885043909618645 0.00000000191942356 0.99949099941415487
8345.03238567716289253 61.07316215184727781 0.01999992684154778 0.10129810119132712 0.06885043909618645 0.00000000191942356 0.99949099941415487
8345.03238567716289253 61.07316215184727781 0.01999992684154778 0.10129810119132712 0.06885043909618645 0.00000000191942356 0.99949099941415487
8336.62758188238149160 61.06558124144486044 0.01999918438610870 0.10134494506227695 0.07096992374485700 0.00000000192061527 0.99953026251829624
8336.62758188238149160 61.06558124144486044 0.01999918438610870 0.10134494506227695 0.07096992374485700 0.00000000192061527 0.99953026251829624
8336.62758188238149160 61.06558124144486044 0.01999918438610870 0.10134494506227695 0.07096992374485700 0.00000000192061527 0.99953026251829624
8336.62758188238149160 61.06558124144486044 0.01999918438610870 0.10134494506227695 0.07096992374485700 0.00000000192061527 0.99953026251829624
8326.07657927399850450 61.06314165629531487 0.01999804728080942 0.10136321094840775 0.07023451522346731 0.00000000192300577 0.99957339014189261
8323.52759360742675199 61.07190125062246722 0.01999644540686715 0.10134998300058462 0.07087863057529802 0.00000000192254049 0.99958491483655199
8323.52759360742675199 61.07190125062246722 0.01999644540686715 0.10134998300058462 0.07087863057529802 0.00000000192254049 0.99958491483655199
8323.52759360742675199 61.07190125062246722 0.01999644540686715 0.10134998300058462 0.07087863057529802 0.00000000192254049 0.99958491483655199
8317.93685131715210446 61.07414972640032147 0.01999709076157731 0.10135838873492768 0.07187498176673122 0.00000000192620360 0.99961846722441283
8317.93685131715210446 61.07414972640032147 0.01999709076157731 0.10135838873492768 0.07187498176673122 0.00000000192620360 0.99961846722441283
8317.12964105658465996 61.07179472250844299 0.01999569570536782 0.10135731864897736 0.07174691888069054 0.00000000192893024 0.99965846038563499
8298.76409492301172577 61.08836360011246569 0.01999560833764498 0.10137454808473417 0.07252825732956406 0.00000000192772963 0.99970002136116543
8296.70173446098488057 61.09233517948169379 0.01999563962644111 0.10135989608477233 0.07206740896195869 0.00000000192961513 0.99967145816497904
8296.70173446098488057 61.09233517948169379 0.01999563962644111 0.10135989608477233 0.07206740896195869 0.00000000192961513 0.99967145816497904
8296.70173446098488057 61.09233517948169379 0.01999563962644111 0.10135989608477233 0.07206740896195869 0.00000000192961513 0.99967145816497904
8278.42091690351662692 61.12302579654643608 0.01999823051598738 0.10133808007932833 0.07219257458959960 0.00000000193519884 0.99966417229379922
8278.42091690351662692 61.12302579654643608 0.01999823051598738 0.10133808007932833 0.07219257458959960 0.00000000193519884 0.99966417229379922
8278.42091690351662692 61.12302579654643608 0.01999823051598738 0.10133808007932833 0.07219257458959960 0.00000000193519884 0.99966417229379922
8278.42091690351662692 61.12302579654643608 0.01999823051598738 0.10133808007932833 0.07219257458959960 0.00000000193519884 0.99966417229379922
8275.01824912239317200 61.15148995493660777 0.01999744394149320 0.10130923958001589 0.07038226613302981 0.00000000193466473 0.99965775817328784
8275.01824912239317200 61.15148995493660777 0.01999744394149320 0.10130923958001589 0.07038226613302981 0.00000000193466473 0.99965775817328784
8275.01824912239317200 61.15148995493660777 0.01999744394149320 0.10130923958001589 0.07038226613302981 0.00000000193466473 0.99965775817328784
8275.01824912239317200 61.15148995493660777 0.01999744394149320 0.10130923958001589 0.07038226613302981 0.00000000193466473 0.99965775817328784
8248.62506507267607958 61.18282218232932479 0.01999608213093928 0.10131420032342703 0.06960618729017716 0.00000000193413428 0.99965187784888487
8248.62506507267607958 61.18282218232932479 0.01999608213093928 0.10131420032342703 0.06960618729017716 0.00000000193413428 0.99965187784888487
8248.62506507267607958 61.18282218232932479 0.01999608213093928 0.10131420032342703 0.06960618729017716 0.00000000193413428 0.99965187784888487
8248.62506507267607958 61.18282218232932479 0.01999608213093928 0.10131420032342703 0.06960618729017716 0.00000000193413428 0.99965187784888487
8248.62506507267607958 61.18282218232932479 0.01999608213093928 0.10131420032342703 0.06960618729017716 0.00000000193413428 0.99965187784888487
8227.88905642097779491 61.19242987083391938 0.01999706367666403 0.10133149679953413 0.06905660725454896 0.00000000193012487 0.99964003062291096
8203.96744692272841348 61.21133644121900375 0.01999626630943632 0.10135617189803586 0.06761733177404554 0.00000000192594493 0.99966971339535315
8188.33424837171241961 61.21201856893651438 0.01999724687260398 0.10136791754166026 0.06764900280890100 0.00000000192060350 0.99964624329821106
8188.33424837171241961 61.21201856893651438 0.01999724687260398 0.10136791754166026 0.06764900280890100 0.00000000192060350 0.99964624329821106
8181.79489481429482112 61.21508592407948868 0.01999558933822596 0.10136489177186213 0.06823590676383658 0.00000000191839160 0.99959220490405021
8175.95962180808783160 61.22446330695752437 0.01999543745570744 0.10136041081668297 0.06824008277862623 0.00000000191646309 0.99961906574305848
8167.02597213517674390 61.22328601058761421 0.01999479429595808 0.10140351879861043 0.06829230511851976 0.00000000191204336 0.99962484423506126
8164.14653859911504696 61.22702634076801331 0.01999577984963027 0.10140314618296672 0.06786145051866389 0.00000000191087021 0.99963036071503419
8164.14653859911504696 61.22702634076801331 0.01999577984963027 0.10140314618296672 0.06786145051866389 0.00000000191087021 0.99963036071503419
8164.14653859911504696 61.22702634076801331 0.01999577984963027 0.10140314618296672 0.06786145051866389 0.00000000191087021 0.99963036071503419
8164.14653859911504696 61.22702634076801331 0.01999577984963027 0.10140314618296672 0.06786145051866389 0.00000000191087021 0.99963036071503419
8164.14653859911504696 61.22702634076801331 0.01999577984963027 0.10140314618296672 0.06786145051866389 0.00000000191087021 0.99963036071503419
8134.47216524749728706 61.23162858187817648 0.01999587493060990 0.10146558726420760 0.06869647718243799 0.00000000191444565 0.99962159213336876
8134.47216524749728706 61.23162858187817648 0.01999587493060990 0.10146558726420760 0.06869647718243799 0.00000000191444565 0.99962159213336876
8134.47216524749728706 61.23162858187817648 0.01999587493060990 0.10146558726420760 0.06869647718243799 0.00000000191444565 0.99962159213336876
8107.25949110226065386 61.24231524486496880 0.01999652620231011 0.10150248338131121 0.06703508787994311 0.00000000191123468 0.99958478848994847
8093.90725606625983346 61.25143023017777466 0.01999527502442841 0.10152538839435682 0.06641635714716962 0.00000000190660391 0.99955017731291673
8093.90725606625983346 61.25143023017777466 0.01999527502442841 0.10152538839435682 0.06641635714716962 0.00000000190660391 0.99955017731291673
8093.90725606625983346 61.25143023017777466 0.01999527502442841 0.10152538839435682 0.06641635714716962 0.00000000190660391 0.99955017731291673
8071.74407637054900988 61.26154787455508455 0.01999420863250094 0.10153757752305115 0.06699095612324180 0.00000000191318211 0.99959363616125096
8071.74407637054900988 61.26154787455508455 0.01999420863250094 0.10153757752305115 0.06699095612324180 0.00000000191318211 0.99959363616125096
8071.74407637054900988 61.26154787455508455 0.01999420863250094 0.10153757752305115 0.06699095612324180 0.00000000191318211 0.99959363616125096
8069.92001283057834371 61.26108033075278314 0.01999337640313922 0.10153896969811164 0.06659463257641353 0.00000000191367912 0.99958836878794255
8069.92001283057834371 61.26108033075278314 0.01999337640313922 0.10153896969811164 0.06659463257641353 0.00000000191367912 0.99958836878794255
8043.74075888099923759 61.27468288223964521 0.01999390850274702 0.10158457568892551 0.06639597275613886 0.00000000190974231 0.99959164033325787
8043.74075888099923759 61.27468288223964521 0.01999390850274702 0.10158457568892551 0.06639597275613886 0.00000000190974231 0.99959164033325787
8036.61939176841588051 61.28479625005301301 0.01999433704715467 0.10159844009819005 0.06619054687866079 0.00000000190580202 0.99960187034581849
8036.61939176841588051 61.28479625005301301 0.01999433704715467 0.10159844009819005 0.06619054687866079 0.00000000190580202 0.99960187034581849
8036.61939176841588051 61.28479625005301301 0.01999433704715467 0.10159844009819005 0.06619054687866079 0.00000000190580202 0.99960187034581849
8036.61939176841588051 61.28479625005301301 0.01999433704715467 0.10159844009819005 0.06619054687866079 0.00000000190580202 0.99960187034581849
8020.35130807263703900 61.28744551926823192 0.01999330182503896 0.10161789314885918 0.06641462844606885 0.00000000190912348 0.99959909103257627
7992.64812327241997991 61.31322379061383288 0.01999335492522658 0.10165855178717982 0.06655757017070038 0.00000000190580934 0.99965006186293737
7992.64812327241997991 61.31322379061383288 0.01999335492522658 0.10165855178717982 0.06655757017070038 0.00000000190580934 0.99965006186293737
7968.23869874144202186 61.32500299450802572 0.01999279592268355 0.10166373133137414 0.06674974473620431 0.00000000191092342 0.99966523650602768
7968.23869874144202186 61.32500299450802572 0.01999279592268355 0.10166373133137414 0.06674974473620431 0.00000000191092342 0.99966523650602768
7968.23869874144202186 61.32500299450802572 0.01999279592268355 0.10166373133137414 0.06674974473620431 0.00000000191092342 0.99966523650602768
7968.23869874144202186 61.32500299450802572 0.01999279592268355 0.10166373133137414 0.06674974473620431 0.00000000191092342 0.99966523650602768
7968.23869874144202186 61.32500299450802572 0.01999279592268355 0.10166373133137414 0.06674974473620431 0.00000000191092342 0.99966523650602768
7968.06896770810999442 61.31515639136102180 0.01999276876902918 0.10167314284922832 0.06726114283817726 0.00000000191634145 0.99969618450246589
7968.06896770810999442 61.31515639136102180 0.01999276876902918 0.10167314284922832 0.06726114283817726 0.00000000191634145 0.99969618450246589
7968.06896770810999442 61.31515639136102180 0.01999276876902918 0.10167314284922832 0.06726114283817726 0.00000000191634145 0.99969618450246589
7955.64002208664260252 61.32616051423693904 0.01999242161060542 0.10168411332175900 0.06788388072663558 0.00000000191642994 0.99966192325164838
7912.20415121646692569 61.35278068677143182 0.01999221701648472 0.10172164591601691 0.06721203429110575 0.00000000191899094 0.99965369151271855
7912.20415121646692569 61.35278068677143182 0.01999221701648472 0.10172164591601691 0.06721203429110575 0.00000000191899094 0.99965369151271855
7881.87488144776762056 61.36202826216080553 0.01999230292288760 0.10178887654572921 0.06698987520840689 0.00000000191485266 0.99962840564328104
7881.87488144776762056 61.36202826216080553 0.01999230292288760 0.10178887654572921 0.06698987520840689 0.00000000191485266 0.99962840564328104
7880.70874683174042730 61.37388249209123359 0.01999289236108422 0.10176137351398779 0.06701990610707675 0.00000000191544049 0.99957855886576030
7880.70874683174042730 61.37388249209123359 0.01999289236108422 0.10176137351398779 0.06701990610707675 0.00000000191544049 0.99957855886576030
7879.99610128695985622 61.37193962643125644 0.01999172048285099 0.10181087464884260 0.06864834765903478 0.00000000191450303 0.99956698357543428
7875.69967676517717337 61.37733646248901209 0.01999037010559362 0.10179788084650201 0.06797459446735611 0.00000000191301137 0.99954572932302233
7875.32750319507522363 61.38517507209352431 0.01999223603600301 0.10180962902161131 0.06857168874164579 0.00000000191282059 0.99960819297859593
7873.38030399539093196 61.40207521808206081 0.01998993124707356 0.10184559083036437 0.06956586149977892 0.00000000191112262 0.99959099979271460
7873.38030399539093196 61.40207521808206081 0.01998993124707356 0.10184559083036437 0.06956586149977892 0.00000000191112262 0.99959099979271460
7845.24369131285129697 61.42131532222883550 0.01999093274959322 0.10186031847762306 0.06837501205631633 0.00000000190823917 0.99959196062727085
7845.24369131285129697 61.42131532222883550 0.01999093274959322 0.10186031847762306 0.06837501205631633 0.00000000190823917 0.99959196062727085
7845.24369131285129697 61.42131532222883550 0.01999093274959322 0.10186031847762306 0.06837501205631633 0.00000000190823917 0.99959196062727085
7839.81018455611410900 61.42143053204024028 0.01998980324835643 0.10186765491830432 0.06930375118148929 0.00000000191192282 0.99956994014324041
7839.81018455611410900 61.42143053204024028 0.01998980324835643 0.10186765491830432 0.06930375118148929 0.00000000191192282 0.99956994014324041
7839.81018455611410900 61.42143053204024028 0.01998980324835643 0.10186765491830432 0.06930375118148929 0.00000000191192282 0.99956994014324041
7839.81018455611410900 61.42143053204024028 0.01998980324835643 0.10186765491830432 0.06930375118148929 0.00000000191192282 0.99956994014324041
7839.81018455611410900 61.42143053204024028 0.01998980324835643 0.10186765491830432 0.06930375118148929 0.00000000191192282 0.99956994014324041
7819.30898962428454979 61.43240369661084799 0.01998836045922659 0.10188039886593664 0.06980483150042650 0.00000000191483678 0.99956721036646512
7794.62294426790140278 61.42732078669997975 0.01998897498479093 0.10189529302945204 0.06853363043230687 0.00000000191566336 0.99954071513903042
7794.44933558791763062 61.41944385404643469 0.01998755950426612 0.10189254086580539 0.06867373216242281 0.00000000191806035 0.99950659492308069
7794.44933558791763062 61.41944385404643469 0.01998755950426612 0.10189254086580539 0.06867373216242281 0.00000000191806035 0.99950659492308069
7794.44933558791763062 61.41944385404643469 0.01998755950426612 0.10189254086580539 0.06867373216242281 0.00000000191806035 0.99950659492308069
7771.77184425056475447 61.43472425466264042 0.01998859383290711 0.10190590295666443 0.06946877973242704 0.00000000192246498 0.99945444483089996
7771.77184425056475447 61.43472425466264042 0.01998859383290711 0.10190590295666443 0.06946877973242704 0.00000000192246498 0.99945444483089996
7771.77184425056475447 61.43472425466264042 0.01998859383290711 0.10190590295666443 0.06946877973242704 0.00000000192246498 0.99945444483089996
7771.77184425056475447 61.43472425466264042 0.01998859383290711 0.10190590295666443 0.06946877973242704 0.00000000192246498 0.99945444483089996
7768.29449024359564646 61.43412220319601147 0.01998877591606354 0.10190184795451514 0.07023485483466484 0.00000000192710681 0.99942717172242745
7768.29449024359564646 61.43412220319601147 0.01998877591606354 0.10190184795451514 0.07023485483466484 0.00000000192710681 0.99942717172242745
7768.29449024359564646 61.43412220319601147 0.01998877591606354 0.10190184795451514 0.07023485483466484 0.00000000192710681 0.99942717172242745
7768.29449024359564646 61.43412220319601147 0.01998877591606354 0.10190184795451514 0.07023485483466484 0.00000000192710681 0.99942717172242745
7768.06268536790958024 61.43497479191923105 0.01998903172460868 0.10188910626624297 0.06960632357921677 0.00000000192738554 0.99944351853121927
7762.45250509353536472 61.44317999202255720 0.01998665379216937 0.10188556338648004 0.07031242362552821 0.00000000192833910 0.99942868686549813
7762.45250509353536472 61.44317999202255720 0.01998665379216937 0.10188556338648004 0.07031242362552821 0.00000000192833910 0.99942868686549813
7762.45250509353536472 61.44317999202255720 0.01998665379216937 0.10188556338648004 0.07031242362552821 0.00000000192833910 0.99942868686549813
7738.35331135366141098 61.45770905061473854 0.01998876759194588 0.10190360256266974 0.06915228967809822 0.00000000193048474 0.99945771260944694
7738.35331135366141098 61.45770905061473854 0.01998876759194588 0.10190360256266974 0.06915228967809822 0.00000000193048474 0.99945771260944694
7735.15160949443816207 61.46573753985518351 0.01998886062113980 0.10190511846352443 0.06880586290827026 0.00000000193590355 0.99943233386931996
7735.15160949443816207 61.46573753985518351 0.01998886062113980 0.10190511846352443 0.06880586290827026 0.00000000193590355 0.99943233386931996
7735.15160949443816207 61.46573753985518351 0.01998886062113980 0.10190511846352443 0.06880586290827026 0.00000000193590355 0.99943233386931996
7735.15160949443816207 61.46573753985518351 0.01998886062113980 0.10190511846352443 0.06880586290827026 0.00000000193590355 0.99943233386931996
7717.70476107050490100 61.47612682208917789 0.01998868457333023 0.10192278328439326 0.06882928248803843 0.00000000193481531 0.99951394773994329
7704.21263250030096970 61.48627289179619737 0.01999074473188118 0.10193047507690642 0.06992332206704860 0.00000000193600056 0.99957448514522640
7704.21263250030096970 61.48627289179619737 0.01999074473188118 0.10193047507690642 0.06992332206704860 0.00000000193600056 0.99957448514522640
7686.34950696753821830 61.50771831519615063 0.01998966903367764 0.10193782219203275 0.06992954689764920 0.00000000194135336 0.99958227606562644
7686.34950696753821830 61.50771831519615063 0.01998966903367764 0.10193782219203275 0.06992954689764920 0.00000000194135336 0.99958227606562644
7660.27580407440109411 61.52043754927635888 0.01998780038920263 0.10196873011193405 0.06962575247977139 0.00000000193966907 0.99957138755515940
7628.98631000900422805 61.55893274111335955 0.01998870406420033 0.10197752439597679 0.06871556749201789 0.00000000193938239 0.99957949273344215
7606.92332420695856854 61.58420217111130057 0.01999056624285243 0.10195567459061711 0.07014409873281231 0.00000000193662815 0.99964106313434453
7606.92332420695856854 61.58420217111130057 0.01999056624285243 0.10195567459061711 0.07014409873281231 0.00000000193662815 0.99964106313434453
7606.92332420695856854 61.58420217111130057 0.01999056624285243 0.10195567459061711 0.07014409873281231 0.00000000193662815 0.99964106313434453
7606.92332420695856854 61.58420217111130057 0.01999056624285243 0.10195567459061711 0.07014409873281231 0.00000000193662815 0.99964106313434453
7606.92332420695856854 61.58420217111130057 0.01999056624285243 0.10195567459061711 0.07014409873281231 0.00000000193662815 0.99964106313434453
7599.95293991154358082 61.58580985054147305 0.01999087023948735 0.10196877497194713 0.07061307438021838 0.00000000193990812 0.99962280083684141
7599.95293991154358082 61.58580985054147305 0.01999087023948735 0.10196877497194713 0.07061307438021838 0.00000000193990812 0.99962280083684141
7599.95293991154358082 61.58580985054147305 0.01999087023948735 0.10196877497194713 0.07061307438021838 0.00000000193990812 0.99962280083684141
7599.95293991154358082 61.58580985054147305 0.01999087023948735 0.10196877497194713 0.07061307438021838 0.00000000193990812 0.99962280083684141
7592.71221366758982185 61.59517925565219088 0.01999081858807660 0.10199620800430982 0.06888842804556046 0.00000000194136377 0.99960511915790684
7576.16372106971721223 61.60331625805588374 0.01999240249665812 0.10199309998129968 0.07019105119861069 0.00000000193844096 0.99956527215463997
7565.05800594717220520 61.62511173953836163 0.01999192749640743 0.10197371482161455 0.06981257299676269 0.00000000193573089 0.99963495089691179
7565.05800594717220520 61.62511173953836163 0.01999192749640743 0.10197371482161455 0.06981257299676269 0.00000000193573089 0.99963495089691179
7565.05800594717220520 61.62511173953836163 0.01999192749640743 0.10197371482161455 0.06981257299676269 0.00000000193573089 0.99963495089691179
7565.05800594717220520 61.62511173953836163 0.01999192749640743 0.10197371482161455 0.06981257299676269 0.00000000193573089 0.99963495089691179
7565.05800594717220520 61.62511173953836163 0.01999192749640743 0.10197371482161455 0.06981257299676269 0.00000000193573089 0.99963495089691179
7546.22757818105674232 61.62609277977571054 0.01999365677689132 0.10202485150796786 0.07023241667931485 0.00000000193743129 0.99965941729720165
7514.54901904403050139 61.65983738901939404 0.01999206446312848 0.10202990516533611 0.06914632572583199 0.00000000193806365 0.99961395809477416
7507.80844033111407043 61.67460667206680824 0.01999132432451772 0.10201907597273209 0.06899140223504413 0.00000000194062638 0.99953529755161241
7507.80844033111407043 61.67460667206680824 0.01999132432451772 0.10201907597273209 0.06899140223504413 0.00000000194062638 0.99953529755161241
7507.80844033111407043 61.67460667206680824 0.01999132432451772 0.10201907597273209 0.06899140223504413 0.00000000194062638 0.99953529755161241
7494.02977225686936436 61.69877958589105305 0.01999216347000770 0.10202089863617163 0.06810197895286965 0.00000000194088342 0.99950092478324792
7494.02977225686936436 61.69877958589105305 0.01999216347000770 0.10202089863617163 0.06810197895286965 0.00000000194088342 0.99950092478324792
